1741589195191 5.159219264984131 0
1741589195425 4.440740585327148 1
1741589195662 3.896841287612915 2
1741589195908 3.4117844104766846 3
1741589196139 2.980440616607666 4
1741589196408 2.5988457202911377 5
1741589196656 2.262444496154785 6
1741589196930 1.9664192199707031 7
1741589197181 1.707008719444275 8
1741589197428 1.4802556037902832 9
1741589197658 1.2824281454086304 10
1741589197903 1.1103440523147583 11
1741589198142 0.9610787034034729 12
1741589198380 0.8316872715950012 13
1741589198628 0.7201018929481506 14
1741589198869 0.6235969066619873 15
1741589199108 0.5407624840736389 16
1741589199346 0.469865620136261 17
1741589199573 0.4088778495788574 18
1741589199826 0.357151061296463 19
1741589200074 0.3125353753566742 20
1741589200308 0.274791955947876 21
1741589200553 0.24289996922016144 22
1741589200795 0.21543212234973907 23
1741589201028 0.1921052783727646 24
1741589201275 0.17314504086971283 25
1741589201512 0.1563289314508438 26
1741589201753 0.1420181393623352 27
1741589201990 0.1310359388589859 28
1741589202223 0.12005456537008286 29
1741589202460 0.11087203025817871 30
1741589202706 0.10382233560085297 31
1741589202940 0.10186628252267838 32
1741589203173 0.09296620637178421 33
1741589203424 0.08789658546447754 34
1741589203657 0.0831339880824089 35
1741589203911 0.0791580080986023 36
1741589204141 0.07640518993139267 37
1741589204390 0.07311660796403885 38
1741589204623 0.07083047181367874 39
1741589204889 0.07111089676618576 40
1741589205131 0.06855075806379318 41
1741589205374 0.0648663267493248 42
1741589205608 0.06283732503652573 43
1741589205845 0.060927119106054306 44
1741589206086 0.059844255447387695 45
1741589206325 0.060071803629398346 46
1741589206563 0.06086469069123268 47
1741589206807 0.058288391679525375 48
1741589207041 0.05555696785449982 49
1741589207277 0.054322075098752975 50
1741589207523 0.05379736050963402 51
1741589207757 0.05206606537103653 52
1741589207993 0.053701117634773254 53
1741589208240 0.05386561527848244 54
1741589208474 0.05028889700770378 55
1741589208714 0.050500236451625824 56
1741589208955 0.04967985302209854 57
1741589209191 0.0485759973526001 58
1741589209445 0.04709995910525322 59
1741589209682 0.04655113071203232 60
1741589209924 0.04653938114643097 61
1741589210168 0.046753380447626114 62
1741589210407 0.04761464521288872 63
1741589210642 0.045855291187763214 64
1741589210874 0.04689613729715347 65
1741589211107 0.04442858323454857 66
1741589211357 0.04261663928627968 67
1741589211591 0.04197244346141815 68
1741589211847 0.04300246760249138 69
1741589212090 0.04306291416287422 70
1741589212352 0.04155673831701279 71
1741589212590 0.03977153077721596 72
1741589212827 0.04259800165891647 73
1741589213074 0.039166536182165146 74
1741589213307 0.037577223032712936 75
1741589213560 0.03752453997731209 76
1741589213812 0.03680432587862015 77
1741589214050 0.03620360419154167 78
1741589214290 0.0352310873568058 79
1741589214524 0.03442636504769325 80
1741589214757 0.03576938062906265 81
1741589214990 0.034755099564790726 82
1741589215241 0.03333667293190956 83
1741589215474 0.0336032509803772 84
1741589215707 0.03269589692354202 85
1741589215954 0.03163043037056923 86
1741589216198 0.0316745825111866 87
1741589216424 0.0316329225897789 88
1741589216673 0.03030962496995926 89
1741589216909 0.030000275000929832 90
1741589217154 0.030491314828395844 91
1741589217390 0.030403953045606613 92
1741589217633 0.02834176830947399 93
1741589217860 0.028760354965925217 94
1741589218107 0.02845982275903225 95
1741589218355 0.0280452873557806 96
1741589218613 0.026814671233296394 97
1741589218852 0.02600857987999916 98
1741589219092 0.026013093069195747 99
