1741589195191 0.3039523959159851 0
1741589195425 0.1613437384366989 1
1741589195662 0.14124400913715363 2
1741589195908 0.13585735857486725 3
1741589196139 0.13003011047840118 4
1741589196408 0.12638798356056213 5
1741589196656 0.12399079650640488 6
1741589196930 0.12083679437637329 7
1741589197181 0.11832772940397263 8
1741589197428 0.11666567623615265 9
1741589197658 0.11555572599172592 10
1741589197903 0.11386819928884506 11
1741589198142 0.11267060786485672 12
1741589198380 0.11174704879522324 13
1741589198628 0.11152265965938568 14
1741589198869 0.10955861210823059 15
1741589199108 0.1081627681851387 16
1741589199346 0.10823412239551544 17
1741589199573 0.10665840655565262 18
1741589199826 0.10641948133707047 19
1741589200074 0.10358212143182755 20
1741589200308 0.10282965004444122 21
1741589200553 0.1018967479467392 22
1741589200795 0.10023558139801025 23
1741589201028 0.09908149391412735 24
1741589201275 0.10002460330724716 25
1741589201512 0.09872842580080032 26
1741589201753 0.09739086776971817 27
1741589201990 0.09863641858100891 28
1741589202223 0.09532186388969421 29
1741589202460 0.09421170502901077 30
1741589202706 0.09377053380012512 31
1741589202940 0.10829182714223862 32
1741589203173 0.09537181258201599 33
1741589203424 0.09232112765312195 34
1741589203657 0.08981473743915558 35
1741589203911 0.08813382685184479 36
1741589204141 0.08799371123313904 37
1741589204390 0.08741028606891632 38
1741589204623 0.08684516698122025 39
1741589204889 0.09092257171869278 40
1741589205131 0.09238319098949432 41
1741589205374 0.08462042361497879 42
1741589205608 0.08451742678880692 43
1741589205845 0.08239374309778214 44
1741589206086 0.08232991397380829 45
1741589206325 0.08349226415157318 46
1741589206563 0.08917636424303055 47
1741589206807 0.08363332599401474 48
1741589207041 0.0808292031288147 49
1741589207277 0.0790870264172554 50
1741589207523 0.07939154654741287 51
1741589207757 0.07774344831705093 52
1741589207993 0.07921212166547775 53
1741589208240 0.08518814295530319 54
1741589208474 0.07895343005657196 55
1741589208714 0.07814829051494598 56
1741589208955 0.07988870143890381 57
1741589209191 0.0762600302696228 58
1741589209445 0.075966976583004 59
1741589209682 0.07494711130857468 60
1741589209924 0.0767047256231308 61
1741589210168 0.07582700997591019 62
1741589210407 0.08292445540428162 63
1741589210642 0.07619835436344147 64
1741589210874 0.07761016488075256 65
1741589211107 0.07562155276536942 66
1741589211357 0.07408349961042404 67
1741589211591 0.07008659094572067 68
1741589211847 0.08074712753295898 69
1741589212090 0.0780826136469841 70
1741589212352 0.07542641460895538 71
1741589212590 0.07062512636184692 72
1741589212827 0.07492422312498093 73
1741589213074 0.0690702423453331 74
1741589213307 0.06647659093141556 75
1741589213560 0.06823575496673584 76
1741589213812 0.06703241169452667 77
1741589214050 0.06778690963983536 78
1741589214290 0.06553760170936584 79
1741589214524 0.0645236223936081 80
1741589214757 0.06789563596248627 81
1741589214990 0.06872691959142685 82
1741589215241 0.06671301275491714 83
1741589215474 0.06379830837249756 84
1741589215707 0.06435979902744293 85
1741589215954 0.061993248760700226 86
1741589216198 0.06269089877605438 87
1741589216424 0.06329921633005142 88
1741589216673 0.06240217387676239 89
1741589216909 0.06217110902070999 90
1741589217154 0.0639437586069107 91
1741589217390 0.0644124299287796 92
1741589217633 0.058881890028715134 93
1741589217860 0.061382077634334564 94
1741589218107 0.059929076582193375 95
1741589218355 0.060236405581235886 96
1741589218613 0.058554746210575104 97
1741589218852 0.056694090366363525 98
1741589219092 0.056756455451250076 99
