1741589095235 1.2777942419052124 0
1741589095501 0.8848705291748047 1
1741589095751 0.7073802947998047 2
1741589095996 0.5768334269523621 3
1741589096231 0.4745904207229614 4
1741589096489 0.3950216472148895 5
1741589096762 0.332939475774765 6
1741589097003 0.28415054082870483 7
1741589097247 0.24572491645812988 8
1741589097497 0.21576444804668427 9
1741589097760 0.19199354946613312 10
1741589097998 0.17224323749542236 11
1741589098250 0.15644599497318268 12
1741589098487 0.14467939734458923 13
1741589098736 0.13398927450180054 14
1741589098987 0.12460894137620926 15
1741589099254 0.11687818914651871 16
1741589099517 0.11051924526691437 17
1741589099775 0.10586614906787872 18
