1741589095235 0.37989696860313416 0
1741589095501 0.20744122564792633 1
1741589095751 0.16109883785247803 2
1741589095996 0.14072707295417786 3
1741589096231 0.132005974650383 4
1741589096489 0.1289435476064682 5
1741589096762 0.1266179233789444 6
1741589097003 0.12467560172080994 7
1741589097247 0.12220341712236404 8
1741589097497 0.12037956714630127 9
1741589097760 0.11876260489225388 10
1741589097998 0.11735889315605164 11
1741589098250 0.1144954189658165 12
1741589098487 0.11380474269390106 13
1741589098736 0.11292792856693268 14
1741589098987 0.10983547568321228 15
1741589099254 0.10854169726371765 16
1741589099517 0.10726121068000793 17
1741589099775 0.10655008256435394 18
