1741589619218 0.5015255212783813 0
1741589619474 0.13485616445541382 1
1741589619715 0.0957779660820961 2
1741589619965 0.0815359428524971 3
1741589620215 0.07366655766963959 4
1741589620465 0.06848231703042984 5
1741589620724 0.06441529840230942 6
1741589620965 0.061049170792102814 7
1741589621225 0.05824670568108559 8
1741589621464 0.05578429996967316 9
1741589621719 0.053630173206329346 10
1741589622002 0.051650479435920715 11
1741589622272 0.04979962110519409 12
1741589622526 0.048256728798151016 13
1741589622772 0.04655991867184639 14
1741589623022 0.04517354071140289 15
1741589623276 0.04368819668889046 16
1741589623521 0.042347971349954605 17
1741589623765 0.0412321574985981 18
1741589624010 0.040091488510370255 19
1741589624273 0.03908664360642433 20
1741589624502 0.038090769201517105 21
1741589624753 0.037107620388269424 22
1741589625001 0.03630785271525383 23
1741589625247 0.03553357347846031 24
1741589625506 0.03564923629164696 25
1741589625744 0.03420867770910263 26
1741589625982 0.03290465474128723 27
1741589626231 0.03186357393860817 28
1741589626486 0.031161654740571976 29
1741589626731 0.030074363574385643 30
1741589626978 0.029486700892448425 31
1741589627220 0.028429463505744934 32
1741589627464 0.027526693418622017 33
1741589627720 0.026648981496691704 34
1741589627983 0.025852112099528313 35
1741589628240 0.02538585104048252 36
1741589628486 0.02535359561443329 37
1741589628732 0.023847222328186035 38
1741589628984 0.02352217771112919 39
1741589629231 0.022450119256973267 40
1741589629469 0.021334001794457436 41
1741589629717 0.020846569910645485 42
1741589629964 0.0199140477925539 43
1741589630197 0.0192532017827034 44
1741589630450 0.01833368092775345 45
1741589630697 0.017689174041152 46
1741589630953 0.016929328441619873 47
1741589631197 0.017329921945929527 48
1741589631431 0.01605893485248089 49
1741589631686 0.0153459832072258 50
1741589631937 0.014565924182534218 51
1741589632181 0.0141648193821311 52
1741589632446 0.013415973633527756 53
1741589632700 0.01256599836051464 54
1741589632946 0.012061137706041336 55
1741589633198 0.011909491382539272 56
1741589633449 0.011018380522727966 57
1741589633698 0.010390681214630604 58
1741589633941 0.010022358037531376 59
1741589634184 0.009540009312331676 60
1741589634432 0.0092995036393404 61
1741589634688 0.008688237518072128 62
1741589634954 0.008260094560682774 63
1741589635215 0.007853478193283081 64
1741589635489 0.0075260549783706665 65
1741589635734 0.007325657177716494 66
1741589636000 0.007225049659609795 67
1741589636257 0.007109290454536676 68
1741589636501 0.006996908225119114 69
1741589636765 0.006769202183932066 70
1741589637009 0.006495395675301552 71
1741589637251 0.006124773528426886 72
1741589637501 0.0059232814237475395 73
1741589637738 0.005828910041600466 74
1741589637994 0.005572045221924782 75
1741589638233 0.005945362150669098 76
1741589638482 0.005545272957533598 77
1741589638717 0.0052074105478823185 78
1741589638965 0.00515524810180068 79
1741589639210 0.004943599458783865 80
1741589639450 0.004902477841824293 81
1741589639700 0.004748438484966755 82
1741589639933 0.004634647164493799 83
1741589640197 0.004539796616882086 84
1741589640431 0.004480336792767048 85
1741589640681 0.00436116149649024 86
1741589640952 0.004490917548537254 87
1741589641211 0.0043179974891245365 88
1741589641467 0.0043290103785693645 89
1741589641714 0.004380824510008097 90
1741589641948 0.004407763481140137 91
1741589642205 0.004998048301786184 92
1741589642447 0.004451284185051918 93
1741589642681 0.0040105367079377174 94
1741589642950 0.00392820592969656 95
1741589643197 0.0037798997946083546 96
1741589643431 0.00372170633636415 97
1741589643681 0.003666534321382642 98
1741589643923 0.003779731225222349 99
