1741589619218 0.4303784668445587 0
1741589619474 0.22221770882606506 1
1741589619715 0.16607823967933655 2
1741589619965 0.14231310784816742 3
1741589620215 0.13272885978221893 4
1741589620465 0.1271829456090927 5
1741589620724 0.12228052318096161 6
1741589620965 0.11826872825622559 7
1741589621225 0.11418391019105911 8
1741589621464 0.11098555475473404 9
1741589621719 0.10760041326284409 10
1741589622002 0.1046212911605835 11
1741589622272 0.10200722515583038 12
1741589622526 0.1001201942563057 13
1741589622772 0.09797048568725586 14
1741589623022 0.09611080586910248 15
1741589623276 0.09445255994796753 16
1741589623521 0.09309972822666168 17
1741589623765 0.09214803576469421 18
1741589624010 0.09034781903028488 19
1741589624273 0.0894835814833641 20
1741589624502 0.08820422738790512 21
1741589624753 0.0868884027004242 22
1741589625001 0.0855904221534729 23
1741589625247 0.08527123183012009 24
1741589625506 0.08510523289442062 25
1741589625744 0.08374922722578049 26
1741589625982 0.08079371601343155 27
1741589626231 0.07978210598230362 28
1741589626486 0.07859497517347336 29
1741589626731 0.0771784633398056 30
1741589626978 0.07626602798700333 31
1741589627220 0.07512960582971573 32
1741589627464 0.07417040318250656 33
1741589627720 0.07321837544441223 34
1741589627983 0.07211269438266754 35
1741589628240 0.07147597521543503 36
1741589628486 0.07125100493431091 37
1741589628732 0.06937689334154129 38
1741589628984 0.07043442130088806 39
1741589629231 0.0676640048623085 40
1741589629469 0.06661657243967056 41
1741589629717 0.06819965690374374 42
1741589629964 0.0659780204296112 43
1741589630197 0.06396917253732681 44
1741589630450 0.06339620053768158 45
1741589630697 0.06218314543366432 46
1741589630953 0.06130630522966385 47
1741589631197 0.06395773589611053 48
1741589631431 0.06275192648172379 49
1741589631686 0.060276757925748825 50
1741589631937 0.059134162962436676 51
1741589632181 0.05896991863846779 52
1741589632446 0.0581086128950119 53
1741589632700 0.05619547516107559 54
1741589632946 0.055748600512742996 55
1741589633198 0.05592530965805054 56
1741589633449 0.054348841309547424 57
1741589633698 0.0529148206114769 58
1741589633941 0.05241113528609276 59
1741589634184 0.05161365121603012 60
1741589634432 0.0517563559114933 61
1741589634688 0.049702659249305725 62
1741589634954 0.04845342040061951 63
1741589635215 0.04750650376081467 64
1741589635489 0.046929337084293365 65
1741589635734 0.046717822551727295 66
1741589636000 0.04766441509127617 67
1741589636257 0.04678954556584358 68
1741589636501 0.04599110782146454 69
1741589636765 0.04696290194988251 70
1741589637009 0.0454617440700531 71
1741589637251 0.04412176460027695 72
1741589637501 0.043158046901226044 73
1741589637738 0.04301668703556061 74
1741589637994 0.04189262539148331 75
1741589638233 0.043856747448444366 76
1741589638482 0.04368200525641441 77
1741589638717 0.041006915271282196 78
1741589638965 0.04083535820245743 79
1741589639210 0.03941282629966736 80
1741589639450 0.03935770317912102 81
1741589639700 0.03860298916697502 82
1741589639933 0.03810863941907883 83
1741589640197 0.037615615874528885 84
1741589640431 0.037457872182130814 85
1741589640681 0.036654260009527206 86
1741589640952 0.03870332986116409 87
1741589641211 0.03665047138929367 88
1741589641467 0.03705226257443428 89
1741589641714 0.03860025107860565 90
1741589641948 0.03777192905545235 91
1741589642205 0.04202371463179588 92
1741589642447 0.03794147074222565 93
1741589642681 0.03498053923249245 94
1741589642950 0.03482569009065628 95
1741589643197 0.033707138150930405 96
1741589643431 0.03307676687836647 97
1741589643681 0.03285247087478638 98
1741589643923 0.03373931720852852 99
