1741584722097 0.4938299059867859 0
1741584722334 0.14586354792118073 1
1741584722580 0.09793972223997116 2
1741584722832 0.08241356164216995 3
1741584723064 0.0734470933675766 4
1741584723313 0.06660029292106628 5
1741584723547 0.06189917400479317 6
1741584723799 0.05812395364046097 7
1741584724047 0.05507942661643028 8
1741584724304 0.052322614938020706 9
1741584724550 0.049973055720329285 10
1741584724809 0.04801002889871597 11
1741584725053 0.045622918754816055 12
1741584725309 0.043374717235565186 13
1741584725553 0.04183868318796158 14
1741584725822 0.041035428643226624 15
1741584726083 0.038816239684820175 16
1741584726340 0.03678154945373535 17
1741584726603 0.035469088703393936 18
1741584726848 0.034270334988832474 19
1741584727093 0.03285246342420578 20
1741584727330 0.03164435550570488 21
1741584727597 0.030560581013560295 22
1741584727830 0.029574083164334297 23
1741584728080 0.029128752648830414 24
1741584728330 0.027766048908233643 25
1741584728582 0.027011903002858162 26
1741584728830 0.025993265211582184 27
1741584729079 0.02506888099014759 28
1741584729316 0.024128234013915062 29
1741584729563 0.023686835542321205 30
1741584729812 0.022930487990379333 31
1741584730049 0.0216442309319973 32
1741584730297 0.021091042086482048 33
1741584730565 0.02036941424012184 34
1741584730835 0.019268177449703217 35
1741584731089 0.018830284476280212 36
1741584731330 0.0182113628834486 37
1741584731579 0.01721184328198433 38
1741584731828 0.016024446114897728 39
1741584732063 0.015076899901032448 40
1741584732313 0.014163794927299023 41
1741584732547 0.013429474085569382 42
1741584732799 0.012671804055571556 43
1741584733046 0.012081693857908249 44
1741584733279 0.011236029677093029 45
1741584733530 0.010544882155954838 46
1741584733778 0.010034836828708649 47
1741584734013 0.010055799037218094 48
1741584734266 0.00924668274819851 49
1741584734515 0.008537305518984795 50
1741584734763 0.007930677384138107 51
1741584734999 0.007781283464282751 52
1741584735246 0.007364646997302771 53
1741584735496 0.0071380166336894035 54
1741584735730 0.006735369563102722 55
1741584735996 0.006510451436042786 56
1741584736246 0.00641394080594182 57
1741584736497 0.0061482759192585945 58
1741584736735 0.0060299537144601345 59
