1741584722097 0.43948566913604736 0
1741584722334 0.21841304004192352 1
1741584722580 0.1560751497745514 2
1741584722832 0.13736218214035034 3
1741584723064 0.12796609103679657 4
1741584723313 0.1226755827665329 5
1741584723547 0.11711336672306061 6
1741584723799 0.11293534189462662 7
1741584724047 0.10903956741094589 8
1741584724304 0.1054127886891365 9
1741584724550 0.10260135680437088 10
1741584724809 0.09967132657766342 11
1741584725053 0.09704908728599548 12
1741584725309 0.0942608043551445 13
1741584725553 0.09227100014686584 14
1741584725822 0.09232290834188461 15
1741584726083 0.0922372043132782 16
1741584726340 0.08714249730110168 17
1741584726603 0.08546483516693115 18
1741584726848 0.08446624875068665 19
1741584727093 0.08268341422080994 20
1741584727330 0.08161511272192001 21
1741584727597 0.08080721646547318 22
1741584727830 0.07937615364789963 23
1741584728080 0.07917818427085876 24
1741584728330 0.07792074233293533 25
1741584728582 0.07743426412343979 26
1741584728830 0.07565557956695557 27
1741584729079 0.07453344017267227 28
1741584729316 0.07336363941431046 29
1741584729563 0.07323362678289413 30
1741584729812 0.07247505336999893 31
1741584730049 0.07033150643110275 32
1741584730297 0.06939925253391266 33
1741584730565 0.06906228512525558 34
1741584730835 0.06793585419654846 35
1741584731089 0.06814020872116089 36
1741584731330 0.06833364069461823 37
1741584731579 0.06811714172363281 38
1741584731828 0.06505779176950455 39
1741584732063 0.062537781894207 40
1741584732313 0.0608120858669281 41
1741584732547 0.06013777107000351 42
1741584732799 0.05882241576910019 43
1741584733046 0.05819910019636154 44
1741584733279 0.05673212930560112 45
1741584733530 0.055509719997644424 46
1741584733778 0.05423169210553169 47
1741584734013 0.05550411343574524 48
1741584734266 0.05308084934949875 49
1741584734515 0.05116098374128342 50
1741584734763 0.0491490513086319 51
1741584734999 0.04927515983581543 52
1741584735246 0.04793355613946915 53
1741584735496 0.04750508815050125 54
1741584735730 0.046620775014162064 55
1741584735996 0.04519857093691826 56
1741584736246 0.04501976817846298 57
1741584736497 0.043792400509119034 58
1741584736735 0.044303830713033676 59
