1741584421185 0.30842626094818115 0
1741584421389 0.11376231163740158 1
1741584421600 0.08399102836847305 2
1741584421806 0.07256198674440384 3
1741584422015 0.06620636582374573 4
1741584422222 0.06169423088431358 5
1741584422436 0.05719538778066635 6
1741584422641 0.05363066866993904 7
1741584422851 0.05073912441730499 8
1741584423056 0.04851279407739639 9
1741584423255 0.046100061386823654 10
1741584423467 0.043856970965862274 11
1741584423672 0.042132701724767685 12
1741584423886 0.04027845337986946 13
1741584424093 0.038572657853364944 14
1741584424319 0.03700673207640648 15
1741584424523 0.0355207622051239 16
1741584424739 0.034247420728206635 17
1741584424954 0.03300580382347107 18
1741584425174 0.03203301504254341 19
1741584425389 0.03068450652062893 20
1741584425623 0.02970263548195362 21
1741584425831 0.029676668345928192 22
1741584426022 0.028506524860858917 23
1741584426231 0.02721475437283516 24
1741584426422 0.02557993307709694 25
1741584426635 0.02453155443072319 26
1741584426835 0.023107904940843582 27
1741584427034 0.0220910906791687 28
1741584427251 0.0210922509431839 29
1741584427449 0.020195087417960167 30
1741584427650 0.0194562878459692 31
1741584427852 0.018260156735777855 32
1741584428044 0.01738978549838066 33
1741584428250 0.016176342964172363 34
1741584428455 0.015139798633754253 35
1741584428644 0.014353739097714424 36
1741584428866 0.013628278858959675 37
1741584429064 0.01261528767645359 38
1741584429269 0.011712957173585892 39
1741584429472 0.010853562504053116 40
1741584429695 0.009998329915106297 41
1741584429895 0.009160046465694904 42
1741584430089 0.00856467429548502 43
1741584430289 0.007937878370285034 44
1741584430485 0.007593598682433367 45
1741584430702 0.007259184028953314 46
1741584430907 0.006927645765244961 47
1741584431116 0.0064817327074706554 48
1741584431325 0.006264965981245041 49
1741584431540 0.006235010456293821 50
1741584431765 0.005940296221524477 51
1741584431979 0.005823887884616852 52
1741584432180 0.006082920823246241 53
1741584432380 0.006016869097948074 54
1741584432578 0.005512054543942213 55
1741584432792 0.005250240676105022 56
1741584432997 0.005268346518278122 57
1741584433199 0.005133515689522028 58
1741584433399 0.005012789275497198 59
