1741584421185 0.34002256393432617 0
1741584421389 0.18131689727306366 1
1741584421600 0.13860201835632324 2
1741584421806 0.12595419585704803 3
1741584422015 0.12218932062387466 4
1741584422222 0.11819867789745331 5
1741584422436 0.11305852979421616 6
1741584422641 0.10789436101913452 7
1741584422851 0.10436107963323593 8
1741584423056 0.10143351554870605 9
1741584423255 0.09844993054866791 10
1741584423467 0.09582556039094925 11
1741584423672 0.09366381913423538 12
1741584423886 0.09174253046512604 13
1741584424093 0.09028784185647964 14
1741584424319 0.08749379962682724 15
1741584424523 0.08628681302070618 16
1741584424739 0.08479631692171097 17
1741584424954 0.08336948603391647 18
1741584425174 0.08212516456842422 19
1741584425389 0.08093094080686569 20
1741584425623 0.07999278604984283 21
1741584425831 0.07850222289562225 22
1741584426022 0.07749205082654953 23
1741584426231 0.07606394588947296 24
1741584426422 0.07455199211835861 25
1741584426635 0.07385896891355515 26
1741584426835 0.07140594720840454 27
1741584427034 0.07033173739910126 28
1741584427251 0.06945984810590744 29
1741584427449 0.06820602715015411 30
1741584427650 0.06812047958374023 31
1741584427852 0.06655429303646088 32
1741584428044 0.06562338769435883 33
1741584428250 0.06510750949382782 34
1741584428455 0.0626455545425415 35
1741584428644 0.06168895959854126 36
1741584428866 0.06191457435488701 37
1741584429064 0.060565050691366196 38
1741584429269 0.05843222886323929 39
1741584429472 0.05791696533560753 40
1741584429695 0.055518198758363724 41
1741584429895 0.05313354358077049 42
1741584430089 0.052510157227516174 43
1741584430289 0.050418682396411896 44
1741584430485 0.04999887943267822 45
1741584430702 0.04928303137421608 46
1741584430907 0.04768890142440796 47
1741584431116 0.04594932869076729 48
1741584431325 0.04507995396852493 49
1741584431540 0.0451243557035923 50
1741584431765 0.044162068516016006 51
1741584431979 0.04354455694556236 52
1741584432180 0.04619326815009117 53
1741584432380 0.045218221843242645 54
1741584432578 0.042698271572589874 55
1741584432792 0.04133922606706619 56
1741584432997 0.041665807366371155 57
1741584433199 0.041045717895030975 58
1741584433399 0.040135458111763 59
