1741587869064 0.29815271496772766 0
1741587869325 0.11662542819976807 1
1741587869593 0.088838130235672 2
1741587869852 0.07533285766839981 3
1741587870094 0.06800152361392975 4
1741587870345 0.062945157289505 5
1741587870583 0.059463225305080414 6
1741587870823 0.05634094402194023 7
1741587871083 0.053709063678979874 8
1741587871326 0.051343705505132675 9
1741587871561 0.049119167029857635 10
1741587871800 0.047151464968919754 11
1741587872070 0.045413631945848465 12
1741587872320 0.04359115660190582 13
1741587872593 0.04225064441561699 14
1741587872846 0.04093463718891144 15
1741587873113 0.03950444608926773 16
1741587873360 0.03831823915243149 17
1741587873612 0.03699641674757004 18
1741587873858 0.03571028262376785 19
1741587874095 0.03432444483041763 20
1741587874345 0.033056680113077164 21
1741587874592 0.03188442066311836 22
1741587874829 0.03093031980097294 23
1741587875096 0.030211882665753365 24
1741587875345 0.02873583883047104 25
1741587875595 0.026956437155604362 26
1741587875848 0.02576396055519581 27
1741587876095 0.025401238352060318 28
1741587876345 0.023411311209201813 29
1741587876588 0.021760357543826103 30
1741587876827 0.020889293402433395 31
1741587877073 0.019537240266799927 32
1741587877306 0.018671419471502304 33
1741587877556 0.01791071891784668 34
1741587877805 0.018156886100769043 35
1741587878039 0.016452372074127197 36
1741587878287 0.015372431837022305 37
1741587878522 0.01471235603094101 38
1741587878774 0.013812091201543808 39
1741587879009 0.013302204199135303 40
1741587879264 0.012795815244317055 41
1741587879505 0.012059111148118973 42
1741587879761 0.011408179067075253 43
1741587880040 0.01123618334531784 44
1741587880295 0.01099251490086317 45
1741587880537 0.011079961434006691 46
1741587880788 0.010081058368086815 47
1741587881042 0.009182726964354515 48
1741587881287 0.008826060220599174 49
1741587881540 0.009725808165967464 50
1741587881772 0.00862402655184269 51
1741587882021 0.007988057099282742 52
1741587882275 0.007513709366321564 53
1741587882522 0.007085434626787901 54
1741587882771 0.006719724275171757 55
1741587883008 0.0064538633450865746 56
1741587883255 0.00609950628131628 57
1741587883489 0.00595906563103199 58
1741587883741 0.0059358407743275166 59
