1741587731078 0.39589130878448486 0
1741587731315 0.14177879691123962 1
1741587731562 0.09671744704246521 2
1741587731816 0.08032982796430588 3
1741587732069 0.07077788561582565 4
1741587732305 0.0645090714097023 5
1741587732543 0.05983220040798187 6
1741587732788 0.056091759353876114 7
1741587733032 0.05321003869175911 8
1741587733304 0.050566382706165314 9
1741587733554 0.04863570258021355 10
1741587733804 0.04651230201125145 11
1741587734071 0.04487556591629982 12
1741587734310 0.04338284581899643 13
1741587734552 0.04195750132203102 14
1741587734800 0.04062452167272568 15
1741587735041 0.03944909945130348 16
1741587735279 0.03824714198708534 17
1741587735516 0.03737281635403633 18
1741587735772 0.036346398293972015 19
1741587736001 0.03568776324391365 20
1741587736244 0.03572476655244827 21
1741587736503 0.034333351999521255 22
1741587736727 0.03282560408115387 23
1741587736969 0.03156501427292824 24
1741587737229 0.03050321340560913 25
1741587737481 0.02945069596171379 26
1741587737735 0.02835431881248951 27
1741587737977 0.027369381859898567 28
1741587738238 0.026305824518203735 29
1741587738472 0.02634395845234394 30
1741587738714 0.025038182735443115 31
1741587738958 0.023574888706207275 32
1741587739211 0.022506611421704292 33
1741587739466 0.021176431328058243 34
1741587739695 0.020338989794254303 35
1741587739964 0.021446868777275085 36
1741587740215 0.01913977600634098 37
1741587740460 0.01779293641448021 38
1741587740700 0.016779227182269096 39
1741587740948 0.016177956014871597 40
1741587741175 0.015319714322686195 41
1741587741434 0.017296960577368736 42
1741587741681 0.015113290399312973 43
1741587741915 0.013344835489988327 44
1741587742165 0.012381600216031075 45
1741587742415 0.011696696281433105 46
1741587742675 0.011314602568745613 47
1741587742914 0.010631808079779148 48
1741587743148 0.01048305258154869 49
1741587743398 0.010035132989287376 50
1741587743650 0.00959089957177639 51
1741587743881 0.009099436923861504 52
1741587744135 0.008644482120871544 53
1741587744370 0.0085519440472126 54
1741587744620 0.008143800310790539 55
1741587744867 0.007784965913742781 56
1741587745100 0.007718956097960472 57
1741587745352 0.007447865791618824 58
1741587745607 0.0070275128819048405 59
