1741587731078 0.38648852705955505 0
1741587731315 0.21863840520381927 1
1741587731562 0.15612591803073883 2
1741587731816 0.13750112056732178 3
1741587732069 0.12971049547195435 4
1741587732305 0.1243506446480751 5
1741587732543 0.11993171274662018 6
1741587732788 0.11515925824642181 7
1741587733032 0.11111152172088623 8
1741587733304 0.1079396903514862 9
1741587733554 0.10425563156604767 10
1741587733804 0.1011451929807663 11
1741587734071 0.09929290413856506 12
1741587734310 0.0964016318321228 13
1741587734552 0.09485164284706116 14
1741587734800 0.0931144505739212 15
1741587735041 0.09186449646949768 16
1741587735279 0.09058024734258652 17
1741587735516 0.08931002765893936 18
1741587735772 0.08813063055276871 19
1741587736001 0.08876115083694458 20
1741587736244 0.0874018669128418 21
1741587736503 0.08459611982107162 22
1741587736727 0.08430027961730957 23
1741587736969 0.08166411519050598 24
1741587737229 0.08041005581617355 25
1741587737481 0.0790574848651886 26
1741587737735 0.07819366455078125 27
1741587737977 0.07691071927547455 28
1741587738238 0.07558010518550873 29
1741587738472 0.07536087930202484 30
1741587738714 0.07402977347373962 31
1741587738958 0.07199931889772415 32
1741587739211 0.071233369410038 33
1741587739466 0.06961283087730408 34
1741587739695 0.06927983462810516 35
1741587739964 0.07260320335626602 36
1741587740215 0.06891776621341705 37
1741587740460 0.06529665738344193 38
1741587740700 0.06420932710170746 39
1741587740948 0.06335819512605667 40
1741587741175 0.061662573367357254 41
1741587741434 0.06390511989593506 42
1741587741681 0.06376540660858154 43
1741587741915 0.05970184877514839 44
1741587742165 0.057432569563388824 45
1741587742415 0.05630296468734741 46
1741587742675 0.055948421359062195 47
1741587742914 0.05458185076713562 48
1741587743148 0.054435987025499344 49
1741587743398 0.054294902831315994 50
1741587743650 0.052901629358530045 51
1741587743881 0.05183957517147064 52
1741587744135 0.05050128698348999 53
1741587744370 0.05125078558921814 54
1741587744620 0.049618713557720184 55
1741587744867 0.04778623953461647 56
1741587745100 0.04793667793273926 57
1741587745352 0.04729142040014267 58
1741587745607 0.046786557883024216 59
