1741587869064 0.3353472054004669 0
1741587869325 0.19389063119888306 1
1741587869593 0.14630860090255737 2
1741587869852 0.13251051306724548 3
1741587870094 0.12747366726398468 4
1741587870345 0.12279962748289108 5
1741587870583 0.11852249503135681 6
1741587870823 0.11426796764135361 7
1741587871083 0.11041688174009323 8
1741587871326 0.10706713050603867 9
1741587871561 0.10415775328874588 10
1741587871800 0.10088273137807846 11
1741587872070 0.09813419729471207 12
1741587872320 0.09575694799423218 13
1741587872593 0.09494689106941223 14
1741587872846 0.09293287247419357 15
1741587873113 0.09154830127954483 16
1741587873360 0.08998411893844604 17
1741587873612 0.08812450617551804 18
1741587873858 0.08659642189741135 19
1741587874095 0.08514966815710068 20
1741587874345 0.08408748358488083 21
1741587874592 0.0831628069281578 22
1741587874829 0.08304772526025772 23
1741587875096 0.08075530081987381 24
1741587875345 0.07849358767271042 25
1741587875595 0.07715729624032974 26
1741587875848 0.07622960954904556 27
1741587876095 0.07686850428581238 28
1741587876345 0.07286400347948074 29
1741587876588 0.07062850147485733 30
1741587876827 0.07060981541872025 31
1741587877073 0.06842921674251556 32
1741587877306 0.06718625873327255 33
1741587877556 0.0667077973484993 34
1741587877805 0.06780683249235153 35
1741587878039 0.0658736452460289 36
1741587878287 0.06413470953702927 37
1741587878522 0.062288254499435425 38
1741587878774 0.061537694185972214 39
1741587879009 0.0601462684571743 40
1741587879264 0.059595219790935516 41
1741587879505 0.05859563872218132 42
1741587879761 0.0572948157787323 43
1741587880040 0.05704187974333763 44
1741587880295 0.05701751261949539 45
1741587880537 0.057519882917404175 46
1741587880788 0.055495817214250565 47
1741587881042 0.05311211198568344 48
1741587881287 0.052343111485242844 49
1741587881540 0.054041165858507156 50
1741587881772 0.052017487585544586 51
1741587882021 0.05032118409872055 52
1741587882275 0.0491921566426754 53
1741587882522 0.04815278202295303 54
1741587882771 0.047451529651880264 55
1741587883008 0.04696203023195267 56
1741587883255 0.04516325518488884 57
1741587883489 0.045163340866565704 58
1741587883741 0.04583274945616722 59
