1741589780889 1.4099551439285278 0
1741589781129 0.9371414184570312 1
1741589781352 0.7588335871696472 2
1741589781605 0.6314746737480164 3
1741589781855 0.5289523005485535 4
1741589782112 0.44713112711906433 5
1741589782356 0.38174962997436523 6
1741589782587 0.3294333219528198 7
1741589782835 0.28754934668540955 8
1741589783090 0.25383299589157104 9
1741589783320 0.22657425701618195 10
1741589783568 0.20442694425582886 11
1741589783805 0.18618997931480408 12
1741589784037 0.17118529975414276 13
1741589784276 0.15853729844093323 14
1741589784504 0.14777995645999908 15
1741589784754 0.13859248161315918 16
1741589784986 0.13077135384082794 17
1741589785221 0.12381232529878616 18
1741589785456 0.1178269162774086 19
1741589785703 0.11235570907592773 20
1741589785935 0.10785482823848724 21
1741589786173 0.10340177267789841 22
1741589786420 0.09948085993528366 23
1741589786656 0.09630459547042847 24
1741589786898 0.09301258623600006 25
1741589787122 0.09013548493385315 26
1741589787369 0.08772023767232895 27
1741589787604 0.08748316019773483 28
1741589787839 0.08481476455926895 29
1741589788103 0.08116237819194794 30
1741589788336 0.07897303998470306 31
1741589788570 0.07718129456043243 32
1741589788804 0.07777838408946991 33
1741589789053 0.0755813717842102 34
1741589789285 0.07307763397693634 35
1741589789520 0.07209441810846329 36
1741589789769 0.07096046209335327 37
1741589790004 0.06913132965564728 38
1741589790236 0.06713210046291351 39
1741589790472 0.06732887029647827 40
1741589790706 0.06480953097343445 41
1741589790951 0.06526299566030502 42
1741589791188 0.063076451420784 43
1741589791420 0.06322146207094193 44
1741589791653 0.06343254446983337 45
1741589791887 0.06080251187086105 46
1741589792125 0.05980648845434189 47
1741589792390 0.058177072554826736 48
1741589792618 0.05691060051321983 49
1741589792863 0.056190166622400284 50
1741589793103 0.05642359331250191 51
1741589793343 0.05693177878856659 52
1741589793570 0.056245721876621246 53
1741589793820 0.05540234595537186 54
1741589794052 0.053318992257118225 55
1741589794286 0.05132051184773445 56
1741589794522 0.050780851393938065 57
1741589794770 0.05001499503850937 58
1741589795002 0.05106227099895477 59
1741589795235 0.048817407339811325 60
1741589795487 0.04754984751343727 61
1741589795722 0.04605313763022423 62
1741589795989 0.045447155833244324 63
1741589796222 0.04507464915513992 64
1741589796456 0.04451005160808563 65
1741589796709 0.04467320814728737 66
1741589796953 0.042892858386039734 67
1741589797188 0.042062047868967056 68
1741589797432 0.041847776621580124 69
1741589797671 0.04053475707769394 70
1741589797925 0.04055550694465637 71
1741589798170 0.03903311863541603 72
1741589798432 0.03837435692548752 73
1741589798689 0.037659984081983566 74
1741589798928 0.038329049944877625 75
1741589799168 0.03768032416701317 76
1741589799390 0.03626914694905281 77
1741589799652 0.03545546159148216 78
1741589799884 0.036152832210063934 79
1741589800123 0.037215862423181534 80
1741589800369 0.03453364968299866 81
1741589800603 0.03506018966436386 82
1741589800837 0.034797847270965576 83
1741589801085 0.03398212790489197 84
1741589801319 0.03345554694533348 85
1741589801567 0.03162253275513649 86
1741589801802 0.03112322837114334 87
1741589802036 0.030817989259958267 88
1741589802279 0.030734749510884285 89
1741589802519 0.030084149911999702 90
1741589802754 0.030204927548766136 91
1741589802990 0.029186254367232323 92
1741589803217 0.02875206060707569 93
1741589803469 0.02815961092710495 94
1741589803703 0.02781742438673973 95
1741589803940 0.027876971289515495 96
1741589804179 0.02749132551252842 97
1741589804418 0.027108777314424515 98
1741589804652 0.026811998337507248 99
