1741589780889 0.4296669363975525 0
1741589781129 0.22216282784938812 1
1741589781352 0.16041859984397888 2
1741589781605 0.14605459570884705 3
1741589781855 0.13704513013362885 4
1741589782112 0.13286913931369781 5
1741589782356 0.1301068663597107 6
1741589782587 0.12725944817066193 7
1741589782835 0.1247851774096489 8
1741589783090 0.12251220643520355 9
1741589783320 0.1200789213180542 10
1741589783568 0.11834514886140823 11
1741589783805 0.11653922498226166 12
1741589784037 0.11485131084918976 13
1741589784276 0.11318769305944443 14
1741589784504 0.11171397566795349 15
1741589784754 0.11023624986410141 16
1741589784986 0.10929672420024872 17
1741589785221 0.10802774131298065 18
1741589785456 0.10727710276842117 19
1741589785703 0.10618980973958969 20
1741589785935 0.10598761588335037 21
1741589786173 0.10415013134479523 22
1741589786420 0.10309084504842758 23
1741589786656 0.10231562703847885 24
1741589786898 0.10186804831027985 25
1741589787122 0.10041177272796631 26
1741589787369 0.10035353153944016 27
1741589787604 0.10270921140909195 28
1741589787839 0.10479269176721573 29
1741589788103 0.09848665446043015 30
1741589788336 0.09553661197423935 31
1741589788570 0.09528515487909317 32
1741589788804 0.09999461472034454 33
1741589789053 0.09657925367355347 34
1741589789285 0.0962817370891571 35
1741589789520 0.0961480513215065 36
1741589789769 0.09617882966995239 37
1741589790004 0.0915960967540741 38
1741589790236 0.08918455243110657 39
1741589790472 0.08999455720186234 40
1741589790706 0.0879182517528534 41
1741589790951 0.08990520983934402 42
1741589791188 0.0859307125210762 43
1741589791420 0.08669687807559967 44
1741589791653 0.09247393906116486 45
1741589791887 0.0873466357588768 46
1741589792125 0.08462212979793549 47
1741589792390 0.08319646120071411 48
1741589792618 0.08105264604091644 49
1741589792863 0.08085987716913223 50
1741589793103 0.08154360949993134 51
1741589793343 0.0864480659365654 52
1741589793570 0.08415117859840393 53
1741589793820 0.08577138185501099 54
1741589794052 0.0815277248620987 55
1741589794286 0.07845427095890045 56
1741589794522 0.07794202119112015 57
1741589794770 0.07723208516836166 58
1741589795002 0.07657256722450256 59
1741589795235 0.07528862357139587 60
1741589795487 0.07437693327665329 61
1741589795722 0.07230842858552933 62
1741589795989 0.07240481674671173 63
1741589796222 0.07210281491279602 64
1741589796456 0.0733509287238121 65
1741589796709 0.07771702855825424 66
1741589796953 0.073117695748806 67
1741589797188 0.07123450189828873 68
1741589797432 0.07182066142559052 69
1741589797671 0.0691562369465828 70
1741589797925 0.07091565430164337 71
1741589798170 0.06858732551336288 72
1741589798432 0.06837843358516693 73
1741589798689 0.06689352542161942 74
1741589798928 0.07178984582424164 75
1741589799168 0.07194533944129944 76
1741589799390 0.06943590193986893 77
1741589799652 0.06609907746315002 78
1741589799884 0.07144850492477417 79
1741589800123 0.0778399333357811 80
1741589800369 0.06982310116291046 81
1741589800603 0.07197272032499313 82
1741589800837 0.07127868384122849 83
1741589801085 0.0688108503818512 84
1741589801319 0.07147876173257828 85
1741589801567 0.06537091732025146 86
1741589801802 0.06256693601608276 87
1741589802036 0.06417526304721832 88
1741589802279 0.06370329856872559 89
1741589802519 0.06342847645282745 90
1741589802754 0.0643741711974144 91
1741589802990 0.0640648752450943 92
1741589803217 0.06281287968158722 93
1741589803469 0.06196232885122299 94
1741589803703 0.05986572802066803 95
1741589803940 0.06118057668209076 96
1741589804179 0.06063832715153694 97
1741589804418 0.060085613280534744 98
1741589804652 0.05965688079595566 99
