1741588761833 1.2754045724868774 0
1741588762076 0.8875919580459595 1
1741588762302 0.7165817618370056 2
1741588762552 0.589478075504303 3
1741588762784 0.48958247900009155 4
1741588763018 0.4105817675590515 5
1741588763274 0.34855154156684875 6
1741588763501 0.2995271682739258 7
1741588763770 0.2607325315475464 8
1741588764000 0.23028632998466492 9
1741588764234 0.20607712864875793 10
1741588764484 0.1858120560646057 11
1741588764735 0.16966772079467773 12
1741588764967 0.1562069058418274 13
1741588765207 0.14499029517173767 14
1741588765458 0.13533176481723785 15
1741588765690 0.12825621664524078 16
1741588765937 0.12165261805057526 17
1741588766177 0.1145540326833725 18
1741588766428 0.10909007489681244 19
1741588766670 0.10502200573682785 20
1741588766919 0.10092075169086456 21
1741588767151 0.09718135744333267 22
1741588767403 0.09355105459690094 23
1741588767651 0.0902087539434433 24
1741588767894 0.08729242533445358 25
1741588768133 0.08521991223096848 26
1741588768368 0.08266900479793549 27
1741588768601 0.08053978532552719 28
1741588768840 0.07817880809307098 29
1741588769089 0.07637342065572739 30
1741588769334 0.07619958370923996 31
1741588769576 0.0736975222826004 32
1741588769804 0.0714692771434784 33
1741588770050 0.07012249529361725 34
1741588770284 0.06825114786624908 35
1741588770546 0.0677780881524086 36
1741588770783 0.06692144274711609 37
1741588771015 0.06513432413339615 38
1741588771255 0.06314046680927277 39
1741588771500 0.0619584321975708 40
1741588771735 0.06209404021501541 41
1741588771971 0.06047770008444786 42
1741588772216 0.06061963737010956 43
1741588772451 0.0604424811899662 44
1741588772699 0.0581960454583168 45
1741588772939 0.058616627007722855 46
1741588773165 0.05879387632012367 47
1741588773417 0.05836798623204231 48
1741588773670 0.05690409243106842 49
1741588773909 0.05464056879281998 50
1741588774148 0.05437595024704933 51
1741588774387 0.05385540798306465 52
1741588774625 0.05213905870914459 53
1741588774858 0.05110037699341774 54
1741588775100 0.05215698853135109 55
1741588775348 0.05205749347805977 56
1741588775618 0.04989907890558243 57
1741588775870 0.05026094242930412 58
1741588776108 0.05445566028356552 59
