1741588761833 0.35658401250839233 0
1741588762076 0.1962895542383194 1
1741588762302 0.1494116485118866 2
1741588762552 0.13711245357990265 3
1741588762784 0.13242848217487335 4
1741588763018 0.13019295036792755 5
1741588763274 0.12781085073947906 6
1741588763501 0.12550893425941467 7
1741588763770 0.12285570800304413 8
1741588764000 0.1215168908238411 9
1741588764234 0.12006893754005432 10
1741588764484 0.11658959835767746 11
1741588764735 0.11601388454437256 12
1741588764967 0.11317069083452225 13
1741588765207 0.1118965819478035 14
1741588765458 0.1100311279296875 15
1741588765690 0.11008871346712112 16
1741588765937 0.1095946654677391 17
1741588766177 0.10671258717775345 18
1741588766428 0.10579585283994675 19
1741588766670 0.10624846071004868 20
1741588766919 0.1053810566663742 21
1741588767151 0.1038774698972702 22
1741588767403 0.10341746360063553 23
1741588767651 0.10144208371639252 24
1741588767894 0.10030016303062439 25
1741588768133 0.10055474936962128 26
1741588768368 0.09861486405134201 27
1741588768601 0.09830013662576675 28
1741588768840 0.09673857688903809 29
1741588769089 0.09607449173927307 30
1741588769334 0.09811639040708542 31
1741588769576 0.09746379405260086 32
1741588769804 0.09411118924617767 33
1741588770050 0.09202093631029129 34
1741588770284 0.09085344523191452 35
1741588770546 0.09080654382705688 36
1741588770783 0.09071668237447739 37
1741588771015 0.09217526018619537 38
1741588771255 0.08731550723314285 39
1741588771500 0.08778528869152069 40
1741588771735 0.08689898252487183 41
1741588771971 0.0858721137046814 42
1741588772216 0.08595766127109528 43
1741588772451 0.09017962217330933 44
1741588772699 0.08434078842401505 45
1741588772939 0.08477707952260971 46
1741588773165 0.08941704034805298 47
1741588773417 0.08400961756706238 48
1741588773670 0.08290845155715942 49
1741588773909 0.08143172413110733 50
1741588774148 0.08130209147930145 51
1741588774387 0.0810072049498558 52
1741588774625 0.07952225208282471 53
1741588774858 0.07939179241657257 54
1741588775100 0.08268563449382782 55
1741588775348 0.08212488889694214 56
1741588775618 0.08251136541366577 57
1741588775870 0.08082783222198486 58
1741588776108 0.08690744638442993 59
