1741584062325 0.42010369896888733 0
1741584062525 0.21977543830871582 1
1741584062726 0.16344864666461945 2
1741584062924 0.1426006555557251 3
1741584063141 0.13186708092689514 4
1741584063358 0.12544579803943634 5
1741584063613 0.12102776020765305 6
1741584063828 0.1168345957994461 7
1741584064043 0.11287246644496918 8
1741584064250 0.10868843644857407 9
1741584064453 0.10515257716178894 10
1741584064658 0.10244706273078918 11
1741584064866 0.09920661151409149 12
1741584065063 0.09667001664638519 13
1741584065282 0.0945761427283287 14
1741584065483 0.09182809293270111 15
1741584065686 0.09037701040506363 16
1741584065878 0.08853775262832642 17
1741584066083 0.08708294481039047 18
1741584066279 0.08585803955793381 19
1741584066492 0.08426316827535629 20
1741584066697 0.08288712054491043 21
1741584066907 0.08166736364364624 22
1741584067111 0.08037026226520538 23
1741584067316 0.07950905710458755 24
1741584067521 0.07888950407505035 25
1741584067725 0.07750716060400009 26
1741584067927 0.0761948823928833 27
1741584068131 0.0751858800649643 28
1741584068333 0.07404353469610214 29
1741584068547 0.07334127277135849 30
1741584068753 0.07212217152118683 31
1741584068954 0.07138442248106003 32
1741584069159 0.07017046958208084 33
1741584069360 0.07056163251399994 34
1741584069563 0.07018892467021942 35
1741584069757 0.06860902905464172 36
1741584069975 0.06771683692932129 37
1741584070190 0.06670185923576355 38
1741584070392 0.06504661589860916 39
1741584070593 0.06481663882732391 40
1741584070794 0.06377431750297546 41
1741584070990 0.062376733869314194 42
1741584071199 0.06166553124785423 43
1741584071401 0.06092580780386925 44
1741584071602 0.06067200377583504 45
1741584071811 0.06024770438671112 46
1741584072010 0.059567682445049286 47
1741584072217 0.05782067030668259 48
1741584072421 0.061916839331388474 49
1741584072611 0.059162687510252 50
1741584072824 0.056883569806814194 51
1741584073031 0.054475121200084686 52
1741584073231 0.0532204732298851 53
1741584073434 0.05227641016244888 54
1741584073638 0.05211864039301872 55
1741584073840 0.05206235498189926 56
1741584074042 0.05024879053235054 57
1741584074241 0.051305003464221954 58
1741584074441 0.05992354825139046 59
