1741584062325 0.4745239317417145 0
1741584062525 0.14617881178855896 1
1741584062726 0.10110525041818619 2
1741584062924 0.08574970811605453 3
1741584063141 0.07638128101825714 4
1741584063358 0.06978956609964371 5
1741584063613 0.06502049416303635 6
1741584063828 0.06110003590583801 7
1741584064043 0.057848647236824036 8
1741584064250 0.05504179745912552 9
1741584064453 0.05242028459906578 10
1741584064658 0.0500950813293457 11
1741584064866 0.04807867109775543 12
1741584065063 0.046508293598890305 13
1741584065282 0.04467390105128288 14
1741584065483 0.042849987745285034 15
1741584065686 0.04168660566210747 16
1741584065878 0.04015164077281952 17
1741584066083 0.0390995629131794 18
1741584066279 0.037884317338466644 19
1741584066492 0.036709003150463104 20
1741584066697 0.0355130136013031 21
1741584066907 0.03442997857928276 22
1741584067111 0.033405616879463196 23
1741584067316 0.03256497159600258 24
1741584067521 0.031959373503923416 25
1741584067725 0.030904417857527733 26
1741584067927 0.02981628105044365 27
1741584068131 0.028804410248994827 28
1741584068333 0.027958957478404045 29
1741584068547 0.02730599045753479 30
1741584068753 0.026297513395547867 31
1741584068954 0.0256318598985672 32
1741584069159 0.02465972863137722 33
1741584069360 0.02404044196009636 34
1741584069563 0.022974057123064995 35
1741584069757 0.02213839814066887 36
1741584069975 0.02151511050760746 37
1741584070190 0.02036665752530098 38
1741584070392 0.019274838268756866 39
1741584070593 0.018623394891619682 40
1741584070794 0.017821338027715683 41
1741584070990 0.01695130579173565 42
1741584071199 0.016154024749994278 43
1741584071401 0.015482704155147076 44
1741584071602 0.014983885921537876 45
1741584071811 0.014070278033614159 46
1741584072010 0.01354553084820509 47
1741584072217 0.0129112359136343 48
1741584072421 0.013503296300768852 49
1741584072611 0.012480493634939194 50
1741584072824 0.011297320947051048 51
1741584073031 0.010329593904316425 52
1741584073231 0.009796157479286194 53
1741584073434 0.009235335513949394 54
1741584073638 0.008882550522685051 55
1741584073840 0.008530576713383198 56
1741584074042 0.008223255164921284 57
1741584074241 0.008360897190868855 58
1741584074441 0.009708855301141739 59
