1741589323463 1.350696086883545 0
1741589323702 0.9180167317390442 1
1741589323949 0.7332224249839783 2
1741589324183 0.5984964370727539 3
1741589324437 0.4937739968299866 4
1741589324703 0.41159695386886597 5
1741589324951 0.3475232422351837 6
1741589325183 0.2978805899620056 7
1741589325434 0.2584657073020935 8
1741589325677 0.22743666172027588 9
1741589325911 0.2022128701210022 10
1741589326157 0.18248458206653595 11
1741589326423 0.1662459373474121 12
1741589326672 0.15302777290344238 13
1741589326921 0.1419982612133026 14
1741589327174 0.13274021446704865 15
1741589327427 0.12484054267406464 16
1741589327659 0.11866924911737442 17
1741589327908 0.1126452386379242 18
1741589328152 0.10774102807044983 19
1741589328384 0.10277102142572403 20
1741589328616 0.0990063026547432 21
1741589328850 0.09516046941280365 22
1741589329086 0.09220710396766663 23
1741589329332 0.08874782919883728 24
1741589329579 0.08623550832271576 25
1741589329839 0.08397622406482697 26
1741589330065 0.08117499947547913 27
1741589330336 0.07908432185649872 28
1741589330574 0.0772816464304924 29
1741589330819 0.07522978633642197 30
1741589331052 0.07367892563343048 31
1741589331299 0.07245641201734543 32
1741589331533 0.07222031056880951 33
1741589331786 0.07054667919874191 34
1741589332033 0.071415014564991 35
1741589332282 0.0681268721818924 36
1741589332524 0.06638011336326599 37
1741589332773 0.06566597521305084 38
1741589333001 0.06415291130542755 39
1741589333251 0.06284144520759583 40
1741589333494 0.062421765178442 41
1741589333718 0.06084984540939331 42
1741589333966 0.062152180820703506 43
1741589334198 0.06186101958155632 44
1741589334446 0.05997954681515694 45
1741589334688 0.059430912137031555 46
1741589334923 0.058201540261507034 47
1741589335159 0.057507824152708054 48
1741589335403 0.05685368925333023 49
1741589335644 0.05544612184166908 50
1741589335882 0.05436989292502403 51
1741589336121 0.05362369120121002 52
1741589336350 0.05470051243901253 53
1741589336599 0.05599644407629967 54
1741589336832 0.05281057953834534 55
1741589337076 0.0513714961707592 56
1741589337300 0.05157174915075302 57
1741589337549 0.050634946674108505 58
1741589337783 0.051792971789836884 59
1741589338033 0.050336528569459915 60
1741589338282 0.05003896355628967 61
1741589338526 0.0482599176466465 62
1741589338801 0.050608932971954346 63
1741589339055 0.048052217811346054 64
1741589339291 0.045706819742918015 65
1741589339530 0.04447288438677788 66
1741589339772 0.04462714120745659 67
1741589340013 0.04392559453845024 68
1741589340254 0.04333974048495293 69
1741589340497 0.046150561422109604 70
1741589340731 0.044115811586380005 71
1741589340972 0.04094923660159111 72
1741589341213 0.040929246693849564 73
1741589341455 0.04107864946126938 74
1741589341705 0.03915289789438248 75
1741589341955 0.037985946983098984 76
1741589342217 0.03730979189276695 77
1741589342455 0.03702081739902496 78
1741589342702 0.037590328603982925 79
1741589342953 0.0378546379506588 80
1741589343199 0.03633338212966919 81
1741589343432 0.034835394471883774 82
1741589343664 0.03422630950808525 83
1741589343908 0.03450998663902283 84
1741589344148 0.0329727903008461 85
1741589344382 0.033203352242708206 86
1741589344614 0.032088667154312134 87
1741589344857 0.03226400911808014 88
1741589345097 0.031488869339227676 89
1741589345337 0.030692461878061295 90
1741589345565 0.03115939162671566 91
1741589345820 0.03144770488142967 92
1741589346049 0.032189831137657166 93
1741589346302 0.030668431892991066 94
1741589346548 0.029418058693408966 95
1741589346793 0.028934698551893234 96
1741589347035 0.028356971219182014 97
1741589347283 0.02800670824944973 98
1741589347536 0.027706122025847435 99
