1741589323463 0.4060778319835663 0
1741589323702 0.21840256452560425 1
1741589323949 0.16203293204307556 2
1741589324183 0.1433458775281906 3
1741589324437 0.13624820113182068 4
1741589324703 0.1328740119934082 5
1741589324951 0.12994222342967987 6
1741589325183 0.12796559929847717 7
1741589325434 0.12504512071609497 8
1741589325677 0.12410648912191391 9
1741589325911 0.12054535746574402 10
1741589326157 0.11852256208658218 11
1741589326423 0.11635781079530716 12
1741589326672 0.11464550346136093 13
1741589326921 0.11322323977947235 14
1741589327174 0.1116926372051239 15
1741589327427 0.1111472025513649 16
1741589327659 0.10966227948665619 17
1741589327908 0.10991617292165756 18
1741589328152 0.10872888565063477 19
1741589328384 0.1063481941819191 20
1741589328616 0.10560297220945358 21
1741589328850 0.10544291883707047 22
1741589329086 0.10294705629348755 23
1741589329332 0.10211118310689926 24
1741589329579 0.1006653681397438 25
1741589329839 0.10068618506193161 26
1741589330065 0.09804411977529526 27
1741589330336 0.09645576775074005 28
1741589330574 0.09576862305402756 29
1741589330819 0.094214528799057 30
1741589331052 0.09396156668663025 31
1741589331299 0.09298201650381088 32
1741589331533 0.09438980370759964 33
1741589331786 0.09316598623991013 34
1741589332033 0.09678496420383453 35
1741589332282 0.08999599516391754 36
1741589332524 0.08910641819238663 37
1741589332773 0.09051752090454102 38
1741589333001 0.08880531042814255 39
1741589333251 0.08591094613075256 40
1741589333494 0.08635096251964569 41
1741589333718 0.08420956134796143 42
1741589333966 0.08479966968297958 43
1741589334198 0.08686833083629608 44
1741589334446 0.08607307821512222 45
1741589334688 0.08778192847967148 46
1741589334923 0.0856027603149414 47
1741589335159 0.08298563212156296 48
1741589335403 0.08309943974018097 49
1741589335644 0.08016439527273178 50
1741589335882 0.08090560883283615 51
1741589336121 0.07974638044834137 52
1741589336350 0.08084053546190262 53
1741589336599 0.08395329117774963 54
1741589336832 0.07935038954019547 55
1741589337076 0.077577143907547 56
1741589337300 0.08087286353111267 57
1741589337549 0.0779934823513031 58
1741589337783 0.08368398249149323 59
1741589338033 0.08000750839710236 60
1741589338282 0.07968538254499435 61
1741589338526 0.08064713329076767 62
1741589338801 0.07991582900285721 63
1741589339055 0.08014243841171265 64
1741589339291 0.07520560920238495 65
1741589339530 0.07253438979387283 66
1741589339772 0.07214143872261047 67
1741589340013 0.07262175530195236 68
1741589340254 0.07213258743286133 69
1741589340497 0.08636755496263504 70
1741589340731 0.08666779845952988 71
1741589340972 0.07586169987916946 72
1741589341213 0.07169761508703232 73
1741589341455 0.07054508477449417 74
1741589341705 0.06834769248962402 75
1741589341955 0.06786734610795975 76
1741589342217 0.06757127493619919 77
1741589342455 0.06664921343326569 78
1741589342702 0.06904501467943192 79
1741589342953 0.06921382248401642 80
1741589343199 0.06682947278022766 81
1741589343432 0.06596754491329193 82
1741589343664 0.06635385006666183 83
1741589343908 0.06781075149774551 84
1741589344148 0.06469935178756714 85
1741589344382 0.06586100906133652 86
1741589344614 0.0639294907450676 87
1741589344857 0.06734736263751984 88
1741589345097 0.0633915439248085 89
1741589345337 0.06258904188871384 90
1741589345565 0.06516210734844208 91
1741589345820 0.06731303036212921 92
1741589346049 0.06743299216032028 93
1741589346302 0.06564854830503464 94
1741589346548 0.06445808708667755 95
1741589346793 0.06314392387866974 96
1741589347035 0.06243797391653061 97
1741589347283 0.06161917373538017 98
1741589347536 0.06138422340154648 99
