1741588533432 1.3682283163070679 0
1741588533689 0.9268428087234497 1
1741588533942 0.729461133480072 2
1741588534182 0.5969843864440918 3
1741588534432 0.49449285864830017 4
1741588534666 0.41437771916389465 5
1741588534915 0.35144364833831787 6
1741588535163 0.30144354701042175 7
1741588535399 0.26214519143104553 8
1741588535648 0.23083993792533875 9
1741588535899 0.20571720600128174 10
1741588536135 0.1853831708431244 11
1741588536385 0.16885577142238617 12
1741588536652 0.1552819460630417 13
1741588536888 0.14386512339115143 14
1741588537137 0.13448071479797363 15
1741588537380 0.12614095211029053 16
1741588537616 0.11885381489992142 17
1741588537865 0.11340125650167465 18
1741588538129 0.10773849487304688 19
1741588538384 0.10335962474346161 20
1741588538638 0.09931021183729172 21
1741588538906 0.09509731829166412 22
1741588539137 0.09159791469573975 23
1741588539382 0.08879063278436661 24
1741588539631 0.08895568549633026 25
1741588539869 0.08576230704784393 26
1741588540119 0.08269484341144562 27
1741588540367 0.08021474629640579 28
1741588540602 0.07811310142278671 29
1741588540848 0.07608987390995026 30
1741588541111 0.07451535016298294 31
1741588541348 0.07268213480710983 32
1741588541597 0.07058367878198624 33
1741588541844 0.06863292306661606 34
1741588542082 0.06868655234575272 35
1741588542340 0.06689921766519547 36
1741588542585 0.06494445353746414 37
1741588542851 0.06444260478019714 38
1741588543087 0.06248674914240837 39
1741588543332 0.061627425253391266 40
1741588543586 0.062263619154691696 41
1741588543818 0.059916410595178604 42
1741588544064 0.05854758620262146 43
1741588544314 0.057805385440588 44
1741588544559 0.056731272488832474 45
1741588544799 0.055562861263751984 46
1741588545047 0.05485380440950394 47
1741588545286 0.0533040314912796 48
1741588545548 0.052787721157073975 49
1741588545789 0.051695093512535095 50
1741588546033 0.05084420368075371 51
1741588546281 0.05362322926521301 52
1741588546525 0.05469318851828575 53
1741588546780 0.05006210878491402 54
1741588547014 0.04788396507501602 55
1741588547267 0.04760809242725372 56
1741588547513 0.05017777532339096 57
1741588547759 0.04670920595526695 58
1741588548000 0.0453822985291481 59
