1741588533432 0.41334861516952515 0
1741588533689 0.23873358964920044 1
1741588533942 0.1663718968629837 2
1741588534182 0.14256533980369568 3
1741588534432 0.13719820976257324 4
1741588534666 0.13444560766220093 5
1741588534915 0.13164962828159332 6
1741588535163 0.12874606251716614 7
1741588535399 0.12650802731513977 8
1741588535648 0.12417808920145035 9
1741588535899 0.12184999883174896 10
1741588536135 0.11985968798398972 11
1741588536385 0.11798829585313797 12
1741588536652 0.11650364845991135 13
1741588536888 0.11469415575265884 14
1741588537137 0.1138366311788559 15
1741588537380 0.11158010363578796 16
1741588537616 0.10970180481672287 17
1741588537865 0.10902933031320572 18
1741588538129 0.10765485465526581 19
1741588538384 0.10616002976894379 20
1741588538638 0.10579442977905273 21
1741588538906 0.10415562242269516 22
1741588539137 0.10272251814603806 23
1741588539382 0.100956492125988 24
1741588539631 0.10128937661647797 25
1741588539869 0.10316832363605499 26
1741588540119 0.09793203324079514 27
1741588540367 0.09682460129261017 28
1741588540602 0.09576070308685303 29
1741588540848 0.09562220424413681 30
1741588541111 0.0949898362159729 31
1741588541348 0.09400627017021179 32
1741588541597 0.09192747622728348 33
1741588541844 0.0902901217341423 34
1741588542082 0.09226193279027939 35
1741588542340 0.08966364711523056 36
1741588542585 0.08709009736776352 37
1741588542851 0.08909875899553299 38
1741588543087 0.0865463986992836 39
1741588543332 0.0858069583773613 40
1741588543586 0.08838865160942078 41
1741588543818 0.08571632951498032 42
1741588544064 0.08336740732192993 43
1741588544314 0.08209963142871857 44
1741588544559 0.08415781706571579 45
1741588544799 0.08148790150880814 46
1741588545047 0.08212693780660629 47
1741588545286 0.07850241661071777 48
1741588545548 0.07825497537851334 49
1741588545789 0.07736682891845703 50
1741588546033 0.07703319191932678 51
1741588546281 0.08050303161144257 52
1741588546525 0.0850534737110138 53
1741588546780 0.07883349061012268 54
1741588547014 0.07508992403745651 55
1741588547267 0.07526328414678574 56
1741588547513 0.08224770426750183 57
1741588547759 0.07688453048467636 58
1741588548000 0.07416709512472153 59
