1741589420401 1.44196617603302 0
1741589420644 0.9631532430648804 1
1741589420877 0.7588536739349365 2
1741589421130 0.6281815767288208 3
1741589421377 0.5271406173706055 4
1741589421611 0.4474075138568878 5
1741589421850 0.38445377349853516 6
1741589422096 0.33414238691329956 7
1741589422345 0.29399892687797546 8
1741589422580 0.261875182390213 9
1741589422833 0.23587550222873688 10
1741589423081 0.21439070999622345 11
1741589423333 0.19668881595134735 12
1741589423559 0.18204250931739807 13
1741589423795 0.1700037717819214 14
1741589424050 0.15872088074684143 15
1741589424284 0.14971284568309784 16
1741589424533 0.1415160596370697 17
1741589424773 0.1346273422241211 18
1741589425018 0.12844540178775787 19
1741589425257 0.12251585721969604 20
1741589425496 0.11704912781715393 21
1741589425764 0.11274606734514236 22
1741589426006 0.10899436473846436 23
1741589426243 0.10464458912611008 24
1741589426499 0.10116647928953171 25
1741589426748 0.09768860787153244 26
1741589427004 0.09481149166822433 27
1741589427248 0.09255021065473557 28
1741589427499 0.0902026817202568 29
1741589427738 0.08854484558105469 30
1741589427971 0.08576057851314545 31
1741589428210 0.08329039067029953 32
1741589428444 0.081136554479599 33
1741589428680 0.07940415292978287 34
1741589428911 0.07757332175970078 35
1741589429160 0.07635588943958282 36
1741589429398 0.07530535757541656 37
1741589429640 0.07394476234912872 38
1741589429877 0.07423257827758789 39
1741589430111 0.07414989918470383 40
1741589430347 0.07113256305456161 41
1741589430594 0.06892603635787964 42
1741589430825 0.06774452328681946 43
1741589431060 0.06664390116930008 44
1741589431298 0.06597030907869339 45
1741589431548 0.06450914591550827 46
1741589431786 0.06396646052598953 47
1741589432037 0.06238529458642006 48
1741589432260 0.061092160642147064 49
1741589432510 0.06053721904754639 50
1741589432746 0.05972880870103836 51
1741589432981 0.061091940850019455 52
1741589433220 0.06025070697069168 53
1741589433464 0.05910855159163475 54
1741589433726 0.05799822136759758 55
1741589433963 0.0569651834666729 56
1741589434196 0.05659613385796547 57
1741589434444 0.05577263981103897 58
1741589434677 0.05503244325518608 59
1741589434923 0.054112233221530914 60
1741589435162 0.05448296666145325 61
1741589435394 0.05676718428730965 62
1741589435627 0.0534522607922554 63
1741589435880 0.05184353142976761 64
1741589436122 0.05065397918224335 65
1741589436353 0.05008949339389801 66
1741589436594 0.05218196660280228 67
1741589436846 0.05189880356192589 68
1741589437093 0.05237465351819992 69
1741589437327 0.05140483379364014 70
1741589437563 0.04900049790740013 71
1741589437794 0.046972405165433884 72
1741589438044 0.04630323871970177 73
1741589438277 0.04529852047562599 74
1741589438523 0.04422271251678467 75
1741589438760 0.043877534568309784 76
1741589438993 0.043837595731019974 77
1741589439230 0.043000172823667526 78
1741589439477 0.04138670861721039 79
1741589439722 0.04036344587802887 80
1741589439960 0.04071485251188278 81
1741589440193 0.03994031623005867 82
1741589440445 0.03842288255691528 83
1741589440677 0.038709767162799835 84
1741589440927 0.0380282923579216 85
1741589441160 0.036923110485076904 86
1741589441419 0.03639965504407883 87
1741589441646 0.03551209717988968 88
1741589441893 0.03478676825761795 89
1741589442127 0.03472288325428963 90
1741589442360 0.03378089889883995 91
1741589442596 0.03313412144780159 92
1741589442843 0.032835353165864944 93
1741589443076 0.03233449161052704 94
1741589443325 0.031656816601753235 95
1741589443560 0.03121647983789444 96
1741589443801 0.031435754150152206 97
1741589444043 0.031292159110307693 98
1741589444279 0.0302503053098917 99
