1741589420401 0.4527103304862976 0
1741589420644 0.25018250942230225 1
1741589420877 0.1664489358663559 2
1741589421130 0.14510774612426758 3
1741589421377 0.13866809010505676 4
1741589421611 0.1348908692598343 5
1741589421850 0.13234643638134003 6
1741589422096 0.12910780310630798 7
1741589422345 0.12612350285053253 8
1741589422580 0.12387499213218689 9
1741589422833 0.12138135731220245 10
1741589423081 0.11950402706861496 11
1741589423333 0.1177377998828888 12
1741589423559 0.11586728692054749 13
1741589423795 0.11483874917030334 14
1741589424050 0.11288975924253464 15
1741589424284 0.1123683750629425 16
1741589424533 0.11106725037097931 17
1741589424773 0.11079487949609756 18
1741589425018 0.10915224254131317 19
1741589425257 0.10794779658317566 20
1741589425496 0.10677900165319443 21
1741589425764 0.10597893595695496 22
1741589426006 0.1066373884677887 23
1741589426243 0.10426843166351318 24
1741589426499 0.10413293540477753 25
1741589426748 0.10267916321754456 26
1741589427004 0.10130662471055984 27
1741589427248 0.10127384960651398 28
1741589427499 0.10104961693286896 29
1741589427738 0.10099560022354126 30
1741589427971 0.09985776245594025 31
1741589428210 0.09790448844432831 32
1741589428444 0.09666323661804199 33
1741589428680 0.09589403867721558 34
1741589428911 0.09446318447589874 35
1741589429160 0.0943032056093216 36
1741589429398 0.0948898047208786 37
1741589429640 0.09407183527946472 38
1741589429877 0.09483497589826584 39
1741589430111 0.0946880653500557 40
1741589430347 0.0924239456653595 41
1741589430594 0.0904022678732872 42
1741589430825 0.08864594995975494 43
1741589431060 0.08808285742998123 44
1741589431298 0.09014124423265457 45
1741589431548 0.08595907688140869 46
1741589431786 0.08601211756467819 47
1741589432037 0.08513864129781723 48
1741589432260 0.08334533870220184 49
1741589432510 0.08313208073377609 50
1741589432746 0.08265786617994308 51
1741589432981 0.08378294855356216 52
1741589433220 0.08297654241323471 53
1741589433464 0.081150121986866 54
1741589433726 0.08013667911291122 55
1741589433963 0.0792328268289566 56
1741589434196 0.07921043038368225 57
1741589434444 0.07894513010978699 58
1741589434677 0.08113320916891098 59
1741589434923 0.07992240786552429 60
1741589435162 0.0785379409790039 61
1741589435394 0.08259956538677216 62
1741589435627 0.07852308452129364 63
1741589435880 0.07679419964551926 64
1741589436122 0.07675962895154953 65
1741589436353 0.07521049678325653 66
1741589436594 0.07822814583778381 67
1741589436846 0.07943405956029892 68
1741589437093 0.08229707181453705 69
1741589437327 0.08324099332094193 70
1741589437563 0.0768188089132309 71
1741589437794 0.07338513433933258 72
1741589438044 0.07384833693504333 73
1741589438277 0.07211306691169739 74
1741589438523 0.07126113772392273 75
1741589438760 0.07264798879623413 76
1741589438993 0.07615762203931808 77
1741589439230 0.07346893846988678 78
1741589439477 0.07383569329977036 79
1741589439722 0.06909914314746857 80
1741589439960 0.07358177751302719 81
1741589440193 0.07558344304561615 82
1741589440445 0.07026661187410355 83
1741589440677 0.07248245924711227 84
1741589440927 0.07145566493272781 85
1741589441160 0.07245457172393799 86
1741589441419 0.07141783833503723 87
1741589441646 0.06961619108915329 88
1741589441893 0.06607560813426971 89
1741589442127 0.06800893694162369 90
1741589442360 0.06750617176294327 91
1741589442596 0.06446032226085663 92
1741589442843 0.06532816588878632 93
1741589443076 0.06475094705820084 94
1741589443325 0.06418237835168839 95
1741589443560 0.06438176333904266 96
1741589443801 0.06576503813266754 97
1741589444043 0.06774363666772842 98
1741589444279 0.0627564862370491 99
